1471 69
2729 138
1109 214
2769 276
1550 138
396 452
1996 276
2377 552
1170 428
841 904
1209 856
1651 276
2099 552
2082 552
2534 1104
1696 552
2145 1104
2598 2208
1385 1712
2168 2208
313 452
1492 1690
1937 1932
2388 2484
40 145
822 1130
1701 1932
556 791
2190 2760
2253 3036
1050 1325
1866 2622
1073 1535
2731 276
1513 2156
2772 552
1552 1380
1592 2001
2379 2484
2038 1794
26 72
1653 1449
1693 2035
1052 1430
2767 552
394 565
1994 2622
800 1073
1571 1845
2017 1794
457 678
2057 2553
1633 2311
845 1130
2080 2932
883 1243
2532 3450
1804 2277
2596 2760
1787 2277
677 960
2316 3174
2700 3312
1483 1112
1151 980
368 565
409 565
1212 1408
2048 2363
1251 1684
2483 3450
1274 1822
1716 2277
2165 2208
153 278
1778 2449
229 344
2699 3312
1858 2604
669 960
1142 980
729 1045
1165 1363
2411 2967
1204 1194
2053 2647
1685 2035
1724 2449
2643 3312
2292 3174
1073 1535
2731 552
1111 980
2771 552
1552 1845
2812 1104
1998 1604
2795 1104
1575 2078
422 649
827 1186
2061 2742
2571 2760
2554 2760
1937 2432
377 593
1696 1500
149 278
605 875
1831 2488
2280 3174
1448 2050
1116 1363
2776 1104
1155 1363
2817 2208
742 1087
2800 2208
1177 1087
1956 2682
1619 2156
802 1129
2447 3450
1239 1684
136 211
1760 2492
2209 3036
1783 2535
1447 2050
1822 2449
635 917
331 508
371 579
1565 2078
412 621
1146 1363
2635 3312
624 896
2261 3174
361 536
1136 1554
1984 2807
791 1136
1561 2078
407 565
1600 2156
813 1157
1623 2233
2069 2837
873 1243
1311 1856
2562 3588
951 1384
623 896
1428 2050
1873 2660
684 1002
2323 3243
1118 1554
1490 1634
706 1023
1935 2733
358 536
1163 1554
2410 2967
1202 1454
1981 2744
2433 3208
1225 1615
810 1157
2114 1863
144 244
544 748
1768 2513
219 344
1808 2449
621 896
1847 2574
357 536
1551 1224
1590 2194
2793 2760
1171 1087
1613 2233
459 706
1194 1454
1675 1949
2122 2518
530 762
2162 2139
2616 3312
1402 1881
1846 2574
2225 3105
696 1012
1063 1482
348 536
1542 2194
1209 1339
2440 3329
411 621
2423 3208
451 677
2051 2647
2091 1863
1293 1856
1735 2470
1775 2524
589 833
2207 2967
231 377
1860 2632
671 981
2310 3243
282 444
2766 2484
1547 2213
1923 2696
2789 2760
1570 2194
416 649
1151 1363
2813 2208
1190 1454
1632 2272
2079 2884
2572 3588
147 261
2142 2846
1772 2518
586 833
2221 3105
2261 3174
1059 1482
2301 3208
1961 2744
401 550
2001 2268
807 1143
2041 2363
845 1186
1283 1839
2064 2837
2143 3010
248 402
1844 2560
282 444
694 1007
2718 3588
1963 2775
403 599
863 1242
2609 3312
1857 2603
2123 2846
168 311
2674 3588
2715 3588
1498 1923
2756 2484
738 1066
2380 2967
2039 2363
2079 2908
1710 2190
2159 2139
1398 1881
2239 3139
2751 2484
1533 2175
802 1143
1572 2078
2487 3510
2115 2501
917 1313
2154 2121
956 1392
2608 3036
2234 3122
1033 1463
705 1017
1071 1508
2385 3208
2770 2346
1551 1767
397 565
1997 1604
803 1150
2037 2363
1738 2481
2529 3549
630 906
1857 2617
2307 3225
706 1023
1142 1363
2803 3312
359 550
1959 2744
767 1111
2410 3208
805 1153
843 1073
517 734
555 811
593 854
724 1044
2366 3294
763 1099
2406 2967
1199 1638
2446 3389
2105 1845
907 1295
2598 3036
2638 3588
1423 1965
666 949
2304 3225
404 624
1597 2156
444 677
2553 2346
1341 1922
1715 2319
234 394
1419 1965
1057 1482
729 1055
1096 1563
767 1111
1537 2184
2796 2760
1576 2194
844 1158
2079 2920
2119 2787
1780 2492
2159 2639
960 1396
632 911
670 970
2309 3234
281 423
1477 1112
747 1093
61 163
1238 1718
99 187
552 783
1776 2529
227 360
2282 3208
682 981
2795 2760
1172 1416
2007 2600
1670 1949
2174 2673
580 833
1805 2449
1068 1508
2294 3204
1091 1549
2750 2484
1129 1602
2790 3588
1168 1554
755 1096
2398 2967
1191 1638
51 163
1632 2291
2079 2926
883 1271
2119 2930
1694 2242
2142 2960
2596 3312
281 433
625 906
2262 3191
1060 1508
2717 3726
1098 1577
2758 3450
2798 3588
1578 2252
1657 1949
2144 3042
1401 1965
1039 1485
711 1033
1941 2619
1202 1638
1980 2791
788 1123
1964 2783
404 624
2003 2600
444 691
2083 1797
1745 2486
925 1348
598 864
2233 3122
1864 2646
1071 1521
1109 932
2769 2346
325 480
1926 2714
2434 3329
1226 1718
2474 3480
1724 2449
1359 1938
214 361
1803 2449
2724 3795
2292 3204
692 1004
432 670
2031 2363
469 716
1664 2199
157 294
1742 2483
1407 1965
1046 1496
634 914
330 494
1525 2165
371 579
1564 2165
411 635
2010 2766
816 1171
1587 2266
2090 2419
893 1283
2543 2346
915 1321
2136 2944
2176 2906
1837 2552
649 943
315 480
1510 2039
780 1117
2012 2849
818 1178
2052 2789
856 1214
167 302
203 336
1793 2449
1427 2007
1095 1556
311 477
294 460
798 1139
2141 2993
132 232
2181 3022
981 1429
2261 3174
1515 2175
2774 2484
1554 2048
2398 3208
1633 2311
2080 2932
883 1271
1711 2319
527 748
2160 2889
604 869
299 468
2279 3199
1939 2619
2319 3243
1979 2787
419 649
2019 2363
824 1158
2059 2742
2099 1797
901 1289
2138 2993
246 410
277 417
1473 1112
2730 2277
1512 2097
728 1049
2369 3320
766 1105
1998 2226
804 1151
2037 2647
1241 1753
1280 1830
139 244
877 1271
550 783
1775 2524
226 352
2224 3122
627 910
2264 3199
1061 1521
1893 2689
703 1017
2344 3281
1596 2156
2384 3208
1177 1416
34 108
1216 1615
2162 2630
568 833
2202 2941
2714 3588
1096 1563
2755 3450
1134 1626
382 600
1575 2165
27 90
1212 1615
2531 3568
2571 3381
1359 1938
2198 2941
602 869
2238 3130
1492 1923
337 522
1130 1614
1575 2208
843 1158
1740 2483
2118 2771
1779 2492
230 360
1414 2007
686 1003
1176 1581
1954 2713
394 621
1254 1753
1293 1856
2543 2967
605 875
1371 1963
1039 1485
1410 2007
682 991
2321 3277
720 1038
1950 2713
1613 2272
1652 1362
1233 1770
509 734
1272 1787
547 783
1771 2515
585 848
2220 3079
1475 1634
2732 2484
1112 1315
2772 2484
1151 1554
456 691
2056 2789
1687 2242
504 734
2135 2944
1710 2319
976 1412
2215 3079
2255 3105
1915 2711
2295 3219
1092 1556
2751 3450
1130 1614
2446 3419
839 1214
2074 2884
2114 2452
522 748
2154 2621
955 1388
2194 2941
244 402
1838 2584
650 956
688 1003
726 1046
1550 1195
397 621
1996 1562
803 1150
1240 1753
2529 3549
1318 1882
591 848
1817 2535
629 912
1119 1602
1952 2760
760 1097
1252 1753
1291 1847
603 872
2239 3139
641 938
1869 2641
680 975
1908 2703
718 1035
2359 3300
1153 1650
2815 3312
1595 2156
1634 2328
1254 1787
2144 3042
2597 3588
2638 3657
627 910
2264 3199
1924 2705
2777 2553
1155 1554
2817 3312
2472 3480
1691 2345
508 734
212 348
546 783
1035 1474
2691 3726
1073 1535
376 586
1976 2785
2772 3243
1959 2775
767 1111
2411 3208
439 680
2039 2647
976 1412
648 940
2286 3225
2669 3588
2326 3262
724 1044
2366 3307
1160 1650
2406 3208
1199 1704
2446 3434
839 1214
1736 2475
2241 3156
270 417
2754 3726
310 472
2794 3588
775 1114
1669 2324
2174 2897
216 360
672 991
1900 2696
1564 2208
2408 3329
2067 2884
1240 1787
515 748
1738 2481
553 801
1777 2532
1041 1490
2738 3243
366 550
1560 2150
406 629
2005 2724
812 1164
2045 2647
2085 2419
889 1277
2538 2346
533 781
846 1214
519 748
2151 2113
141 252
2231 3122
634 914
2271 3199
1068 1521
1508 2039
2351 3300
749 1094
450 698
2050 2647
2432 3329
2090 2730
499 725
2130 2944
2583 3622
2210 3079
2250 3165
349 543
1950 2736
2745 3622
796 1137
1566 2165
413 635
1605 2233
452 691
2052 2860
856 1228
2092 2452
895 1286
2132 2993
241 398
1833 2552
2212 3100
1872 2650
311 477
1506 2039
351 546
2362 3310
2747 3812
1529 2170
798 1139
2443 3381
1234 1778
2483 3480
1273 1804
133 255
1312 1873
897 1287
935 1359
646 939
313 466
2324 3277
1120 1614
1953 2767
761 1098
2404 3329
799 1141
482 717
1695 2345
1830 2533
268 409
2337 3271
735 1060
1226 1744
2474 3480
1724 2449
2643 3588
1859 2618
1523 2184
2309 3234
1105 1589
2349 3290
1144 1506
448 694
98 175
1680 2199
135 249
1719 2363
2639 3691
1424 2007
2679 3726
1062 1521
2304 3229
1502 2039
2760 3726
1139 1602
2801 3312
36 126
1286 1847
2124 2944
2163 2876
1824 2535
2203 3031
1403 1944
2658 3726
1041 1490
343 529
1537 2184
1204 1482
844 1186
2079 2929
1337 1902
190 323
1820 2578
1860 2632
671 981
2309 3234
709 1028
1939 2689
379 596
2447 3450
840 1214
514 741
879 1274
1776 2529
227 360
1816 2513
628 911
1855 2595
294 460
2778 3277
1156 1650
2402 3329
1654 1949
1693 2242
147 261
223 352
2733 3243
1515 2175
2358 3305
1152 1602
2814 3312
2057 2741
861 1235
1230 1757
1672 2199
489 722
2120 2986
1751 2489
565 812
2671 3726
299 468
1093 1559
2752 3726
1939 2724
379 596
1979 2787
2775 3243
1556 2150
824 1172
2059 2835
1317 1882
2195 3031
1856 2606
2649 3657
2690 3760
2346 3285
1568 2208
1235 1782
96 175
1274 1822
2524 3529
1313 1877
169 319
1756 2490
2367 3313
2026 2646
886 1274
1714 2384
167 302
1810 2513
677 975
2032 2646
892 1280
2129 2993
590 848
1480 1634
325 494
1520 2179
422 649
1336 1892
2175 3009
331 508
1526 2167
494 723
2181 3072
1842 2600
2693 3760
1938 2596
435 675
1627 2272
500 729
2187 3097
1848 2595
714 1034
2412 3329
1260 1804
2097 2719
1355 1938
627 910
2321 3277
350 544
2419 3389
1266 1813
2103 2391
1361 1946
633 912
2327 3271
1178 1581
2390 2936
1641 2341
99 187
2145 2088
2242 3160
1095 1559
1928 2723
791 1136
1283 1839
2720 3726
705 1020
405 626
1653 1949
920 1330
1749 2487
198 329
2254 3105
1107 1595
411 635
1604 2233
1420 2007
2260 3139
1113 1458
1666 2324
121 209
1761 2513
1426 2028
326 501
1521 2181
2780 3639
2023 2646
581 840
2688 3743
1125 1620
2086 2702
495 724
2596 3588
709 1028
1533 2175
802 1143
1628 2291
2132 3017
2700 3588
1945 2689
1206 1619
210 342
1395 1859
294 460
1952 2760
814 1164
2048 2646
1766 2513
217 360
1862 2639
1124 1617
820 1182
2054 2788
1312 1873
586 848
1407 1986
307 470
2791 3795
772 1112
1818 2556
1914 2707
1175 1581
1269 1817
178 323
1363 1954
636 927
2746 3812
1583 2259
550 792
1774 2521
1038 1479
2752 3864
735 1060
2434 3381
1684 2324
556 812
1780 2513
648 940
2759 3726
1590 2252
2434 3407
1685 2242
951 1384
1780 2524
1044 1493
2759 3864
1596 2233
1012 1460
1507 2097
2350 3295
1602 2233
870 1256
2575 3622
568 833
2772 3622
1608 2272
2168 2640
1424 2017
1519 2177
789 1129
1614 2291
1836 2576
702 1014
1525 2165
428 670
494 723
2181 3072
1842 2600
280 425
2348 3287
377 593
2446 3434
1792 2449
2641 3708
1887 2674
1149 1506
1702 2190
2549 3277
1798 2535
2647 3657
1155 1602
1989 2817
1249 1787
524 755
2213 3111
2310 3243
710 1030
802 1143
482 717
568 833
2259 3139
288 452
2356 3302
1609 2281
1300 1864
2266 3199
1520 2179
423 659
1615 2301
2460 3465
1710 2384
976 1412
1806 2513
1069 1528
2312 3260
1163 1650
169 319
2221 3113
1476 1895
2318 3225
1571 2048
85 196
2131 2980
1388 1881
287 448
1081 1548
384 603
1175 1663
845 1200
1672 2324
1338 1912
244 402
2688 3751
1934 2728
373 582
2442 3381
2539 2967
534 786
2637 3501
323 487
1980 2791
1240 1787
1794 2535
2742 3553
426 664
2082 1769
1340 1917
1840 2592
706 1023
375 584
2444 3407
837 1200
1790 2449
2639 3691
1480 1895
1147 1506
1981 2775
843 1186
2547 3277
1059 1495
2302 3218
331 508
2399 3298
794 1136
107 232
2155 2846
195 326
2251 3169
1104 1583
2348 3288
1198 1605
1292 1851
566 822
2257 3139
2770 3174
752 1095
2110 2415
156 286
2207 3039
1061 1521
2776 2553
1155 1626
460 713
1249 1787
919 1330
2627 3501
1067 1501
370 572
831 1200
2536 2346
530 762
2633 3596
1073 1535
376 586
1167 1554
469 716
2129 3005
1386 1881
2226 3122
1480 2025
751 1094
1575 2230
843 1200
1670 2199
1336 1897
2175 3040
702 1014
1526 2167
795 1136
1621 2233
888 1275
196 327
280 425
1476 2025
378 594
2034 2787
1293 1856
2544 3277
1792 2513
240 396
1888 2681
1149 1578
845 1207
156 286
1338 1912
244 402
2304 3229
333 522
1990 2822
1250 1804
1748 2486
617 885
1106 1592
1940 2742
1201 1730
2163 2974
2260 3156
2773 3812
754 1095
1246 1770
521 751
1340 1917
613 896
2306 3231
706 1023
2819 3864
1654 2199
1750 2488
619 890
2728 3829
712 1033
2068 2906
482 717
2676 3691
2774 3243
1153 1650
824 1179
2527 3539
917 1321
2154 2846
560 822
351 546
1545 2203
813 1160
1640 2334
300 469
1094 1559
765 1102
1590 2252
858 1231
1811 2545
1045 1494
346 532
2415 3359
444 691
121 220
902 1292
212 348
1396 1933
668 959
1491 1895
761 1098
75 196
853 1228
164 298
1807 2545
250 414
342 525
2410 3298
1661 2199
1757 2491
207 339
2262 3191
291 456
2359 3305
1611 2286
1707 2319
1398 1944
297 464
2366 3310
762 1098
1254 1787
1752 2489
202 332
1848 2606
1512 2126
2355 3301
1607 2252
2111 2700
519 748
1838 2592
1502 2097
404 624
1597 2214
1692 2397
145 252
1787 2427
1452 2071
2293 3211
1953 2767
393 612
1184 1655
854 1235
2089 2844
947 1371
2186 3084
591 856
2698 3777
1080 1548
751 1094
1982 2791
28 99
2079 2929
488 719
1836 2588
2687 3738
1932 2725
2785 3820
2028 2787
144 248
1826 2578
264 411
2332 3276
731 1057
1961 2775
401 587
2057 2835
1316 1879
955 1388
1117 1482
2362 3310
759 1096
72 192
1250 1804
1748 2486
1844 2583
282 444
2767 2277
2562 3588
555 811
648 940
2758 3657
2002 2558
863 1242
2098 2852
561 822
1050 1416
2764 3864
1545 2203
760 1097
1585 2262
852 1221
2144 3042
1401 1986
300 469
1496 2039
2054 2858
2151 2592
733 1058
1558 2190
1224 1686
2060 2882
2157 2959
313 473
1508 2097
1230 1757
2479 3480
1325 1898
598 864
1824 2556
691 1003
2388 2936
96 181
1734 2459
1370 1958
366 557
2022 2646
1281 1834
139 244
1780 2524
230 368
2286 3225
315 480
2383 3178
2481 3480
2139 3017
546 787
2235 3130
264 411
1922 2712
1183 1655
2430 3329
552 792
1776 2529
2754 3795
1591 2262
1283 1839
953 1386
1782 2529
1046 1496
348 536
2004 2724
2101 2391
146 256
2197 3071
1052 1469
2767 3139
2010 2807
816 1171
1364 1956
2617 3588
360 557
1554 2139
2526 3534
1370 1958
2210 3095
736 1063
2435 3420
828 1193
2532 3519
2216 3100
1070 1531
373 582
2441 3381
1288 1847
2539 3277
1883 2674
748 1093
1572 2154
840 1214
2545 3432
1388 1965
288 452
2356 3302
846 1214
2649 3691
1489 1634
73 194
1710 2416
2557 3174
1805 2513
1069 1528
2785 3911
766 1105
1716 2363
586 848
1407 1996
306 469
771 1111
85 213
1722 2406
2227 3130
630 910
2740 3553
723 1041
1672 2360
544 767
1768 2513
1032 1467
1864 2646
729 1055
39 135
1678 2173
1774 2521
1038 1479
339 523
1132 1620
1226 1750
139 244
2189 3104
1044 1493
2286 3225
1540 2189
443 685
507 734
2609 3588
1952 2760
815 1167
1641 2341
728 1049
1958 2728
2812 2760
519 748
224 356
2720 3795
1964 2783
1225 1682
138 227
1319 1888
230 368
313 476
1508 2126
778 1115
1729 2459
179 324
1825 2567
263 412
730 1056
40 145
822 1154
2526 3534
1370 1958
269 413
2337 3276
366 561
2435 3420
1282 1836
2532 3553
275 421
2343 3278
1596 2252
1288 1847
197 328
281 433
747 1093
449 696
1239 1735
2299 3224
1552 2037
2396 3162
2055 2893
914 1308
2152 2832
2720 3795
1559 2210
2402 3359
1251 1753
163 296
2215 3100
2311 3251
1565 2154
466 714
2537 2967
532 771
2221 3117
1075 1548
377 593
1571 2139
839 1214
1666 2360
932 1357
240 396
1888 2681
2739 3553
1983 2799
31 103
1338 1912
704 1018
1527 2168
796 1137
2029 2840
1289 1847
2126 2974
2637 3596
322 487
2391 3162
1239 1761
1737 2478
1428 2050
1523 2184
1190 1592
105 209
2249 3162
1102 1580
2346 3285
744 1092
1235 1782
2541 3432
2198 3026
1424 2022
324 490
2392 3275
2490 3517
1739 2482
2245 3161
273 419
2341 3278
740 1076
2439 3427
2097 2852
955 1388
1505 2126
2763 3795
1600 2214
2445 3420
1695 2397
2200 3068
1055 1488
2770 3542
453 698
2110 2700
518 741
2206 3071
2303 3223
1155 1638
825 1182
2059 2882
918 1325
2156 2959
1012 1460
2253 3105
1507 2126
409 600
1602 2252
2575 3622
1056 1498
2772 3766
455 702
2524 3529
520 749
2622 3639
307 470
1503 2126
772 1112
2473 3480
865 1249
2101 2688
959 1394
631 912
1453 2081
354 548
1270 1819
1769 2514
2274 3199
303 469
1960 2775
1221 1682
2057 2882
1315 1878
1814 2561
1078 1548
1172 1581
1266 1813
633 913
1860 2632
1122 1615
35 117
1675 2173
1366 1957
2333 3276
1586 2264
2431 3389
1681 2298
947 1371
1777 2532
1041 1490
1872 2650
1748 2486
1012 1460
1106 1592
2407 3298
1658 2154
530 762
2633 3643
1474 1634
2732 3174
1112 1458
1 9
2072 2883
931 1352
2169 2856
629 912
325 494
1830 2566
2680 3760
1519 2177
1187 1692
2021 2628
882 1276
331 508
2400 3343
795 1136
1898 2692
1160 1674
1994 2735
855 1239
165 300
1809 2513
676 991
1624 2272
2469 3472
861 1235
1410 2007
1078 1548
2362 3310
759 1096
1305 1868
579 836
2271 3199
1123 1616
2368 3316
1217 1682
493 722
2180 2989
222 352
2277 3199
678 983
2790 3795
1626 2291
83 204
1721 2406
591 856
2283 3216
684 1002
2380 3178
1632 2301
899 1288
1727 2454
597 859
2289 3222
1949 2724
812 1164
2515 3541
905 1293
1454 2086
2296 3221
1147 1578
452 691
517 741
264 411
731 1057
1555 2174
824 1179
2058 2905
1316 1879
2625 3665
1872 2650
737 1064
1968 2784
830 1196
142 250
1782 2529
2631 3596
1473 1634
2730 3070
1568 2219
836 1207
2127 2989
929 1350
1423 1993
695 1009
2392 3332
1240 1787
880 1276
2244 3160
272 418
2341 3278
739 1071
2438 3423
1689 2319
560 822
1784 2545
1048 1502
2290 3220
319 487
2803 3864
783 1120
2485 3495
1734 2459
604 872
1830 2583
268 409
1926 2714
1281 1834
950 1377
648 940
2343 3279
1193 1684
2155 2959
2309 3234
708 1025
409 617
2065 2883
1753 2489
318 483
1975 2784
836 1207
1663 2279
120 232
2168 2856
2264 3199
1925 2709
788 1123
1614 2291
487 718
2587 3635
579 836
1525 2165
2783 3775
2439 3427
466 714
2536 2967
279 421
1074 1541
377 593
2445 3420
2542 3510
1791 2513
2640 3699
1481 2090
383 601
2039 2770
2136 2980
665 963
1893 2689
757 1096
71 177
850 1217
2555 3174
1803 2535
2366 3311
2211 3103
2307 3229
1159 1662
2533 3570
2217 3108
1071 1528
2030 2866
2127 2997
282 444
2793 3588
1295 1860
2133 3017
2229 3134
2042 2628
902 1292
211 345
1856 2611
1952 2760
1213 1682
127 237
908 1301
2616 3519
1863 2642
2714 3691
1552 2123
455 702
2524 3529
1773 2519
2622 3652
1463 2097
734 1059
2433 3329
827 1186
2531 3568
1779 2508
647 939
740 1076
2439 3427
1690 2358
143 249
1325 1898
235 402
1420 2014
784 1121
97 184
2144 3042
2241 3156
269 413
2753 3864
736 1063
2435 3420
2093 2719
140 248
2190 2931
1139 1626
2384 3298
2043 2760
1675 2285
2179 2989
1035 1474
2032 2769
469 716
2129 3005
285 448
1079 1548
2322 3277
1982 2791
843 1203
1671 2298
542 786
2686 3755
1932 2725
2785 3911
2028 2826
1287 1847
2537 3277
532 771
1420 2018
2676 3725
361 548
1555 2192
823 1166
135 246
916 1321
2154 2959
1815 2569
350 544
1544 2198
1211 1544
1709 2384
579 836
1400 1975
1900 2696
764 1100
1996 2205
531 766
2603 3381
716 1034
1 9
1207 1684
1301 1868
1395 1933
1063 1501
2779 3594
1157 1662
462 715
1655 2279
1750 2488
200 330
2255 3139
1510 2097
2768 3525
750 1094
1241 1770
2245 3161
647 939
2757 3174
1137 1602
442 682
1231 1763
506 734
2608 3381
599 866
293 458
2331 3273
1991 2825
852 1221
2087 2844
496 724
2184 3078
588 852
2695 3768
749 1094
1573 2192
1669 2360
935 1359
2644 3657
1485 1634
2742 3708
1580 2255
847 1215
247 414
1034 1468
1530 2172
799 1141
2032 2831
469 716
2129 3005
1790 2513
238 398
2296 3221
696 1012
1926 2714
365 554
1225 1716
2474 3480
1723 2427
1861 2635
1123 1616
36 126
2084 2391
2651 3708
640 932
337 522
1682 2347
948 1374
2657 3717
1498 2039
2340 3277
1999 2537
860 1233
2096 2852
254 419
1047 1499
2762 3795
2006 2786
866 1252
1694 2345
565 817
2768 3718
2012 2849
1271 1820
2108 2415
1366 1957
2205 3067
731 1057
1962 2775
824 1179
136 227
917 1321
1816 2545
351 546
2419 3389
1267 1815
1822 2513
1512 2141
357 543
2014 2860
1273 1813
2238 3134
266 410
1868 2631
733 1058
2432 3389
1682 2372
2529 3549
1778 2486
1042 1491
2756 3174
1191 1684
2438 3423
1688 2319
2536 3277
1784 2545
245 404
2305 3230
1156 1650
461 714
1653 2154
920 1330
1749 2487
1013 1464
1845 2594
711 1033
2067 2906
1699 1974
1794 2556
1058 1495
360 557
1152 1626
2526 3534
1370 1958
2210 3099
614 901
2307 3231
1966 2783
828 1193
1655 2319
527 755
2630 3596
1877 2664
742 1087
1566 2192
1661 2279
928 1349
1421 2020
322 490
2390 3162
1239 1774
1612 2288
2585 3635
1833 2576
328 504
1523 2184
425 664
1743 2484
192 326
978 1420
2689 3755
1529 2170
375 584
2031 2628
891 1278
199 329
2255 3156
711 1033
1941 2689
1202 1694
2037 2770
1390 1986
1059 1501
1891 2685
1152 1638
848 1216
1396 1970
1065 1511
2364 3311
1159 1662
2405 3359
1253 1770
977 1416
620 893
2729 2001
713 1033
2411 3298
2223 3119
1478 1634
2735 3553
1573 2211
1668 2360
934 1358
1484 1634
2741 3708
1579 2253
847 1215
1674 2378
2179 3030
1992 2826
853 1228
1680 2298
1401 1996
2656 3712
1040 1487
2754 3829
1998 2537
859 1232
1686 2319
952 1385
252 421
1046 1496
347 534
2416 3374
445 692
1358 1938
2197 3085
1453 2081
354 548
1548 2223
450 698
1364 1956
263 412
2715 3691
1960 2775
400 622
2469 3472
1718 2406
588 852
1409 2001
681 983
2377 1970
774 1113
2006 2817
867 1254
540 786
1860 2632
725 1045
1956 2728
818 1178
1714 2416
167 302
2259 3156
1889 2683
753 1095
1703 2319
2265 3199
667 959
2362 3310
1614 2291
2460 3465
1710 2432
163 296
1805 2541
1069 1528
2784 3843
2028 2846
2124 2970
532 771
2635 3501
1476 2090
2733 3553
1114 1530
418 649
1610 2283
122 228
2170 2964
269 413
1064 1511
367 563
1158 1662
829 1194
1656 2339
528 758
231 377
316 481
1109 1267
413 635
2482 3480
181 324
1827 2580
265 410
1923 2702
2775 3577
2019 2614
879 1274
1833 2588
700 1013
1523 2184
1190 1661
2025 2756
1157 1662
1992 2826
1251 1787
1346 1930
2598 3381
712 1033
1660 2257
2037 2831
1296 1861
2547 3432
1391 1991
2358 3305
756 1096
1706 2375
2553 2967
2308 3232
1561 2148
800 1108
2160 2980
201 331
2672 3743
2770 3726
1149 1614
2394 3360
1243 1778
912 1304
2150 2580
190 323
2246 3161
1501 2097
2343 3280
1194 1592
864 1249
1691 2371
957 1394
2667 3734
655 964
352 547
1546 2208
815 1167
1641 2341
908 1301
2145 2580
1402 1941
2242 3160
1497 2097
1592 2136
859 1232
2095 2852
504 734
2605 3553
291 456
1085 1559
1303 1868
2554 3174
1802 2556
2652 3717
1036 1476
708 1025
1531 2173
1198 1667
1293 1856
2543 3277
932 1357
605 875
1426 2028
698 1012
2338 3276
367 563
2435 3420
1685 2319
557 817
1781 2526
2630 3643
316 481
1973 2784
1636 2331
2482 3480
873 1257
181 324
1366 1957
1035 1474
2276 3199
677 979
2789 3381
770 1111
2129 3005
1760 2492
1856 2614
1520 2179
2363 3310
1615 2301
488 719
1307 1870
976 1412
2215 3104
1069 1528
2312 3260
1565 2186
2409 3359
2068 2917
1460 2093
361 554
1153 1650
823 1172
2057 2893
107 232
2154 3015
1410 2007
2251 3169
1911 2712
2763 3829
1142 1506
813 1160
1639 2332
851 1219
2087 2915
496 724
198 329
2695 3768
1077 1552
380 598
1573 2220
1240 1787
1279 1826
2529 3549
1777 2532
2626 3678
1012 1460
312 485
1507 2141
1174 1663
2421 3404
448 694
127 237
1767 2513
2615 3657
2272 3199
301 469
1496 2090
1756 2490
207 339
2262 3191
1892 2687
702 1014
1931 2724
1595 2214
1971 2784
1634 2328
2138 3005
179 324
1364 1956
2747 3838
1528 2169
2371 3336
1221 1716
2469 3472
2127 2997
534 786
1758 2491
209 340
2678 3742
1061 1521
2304 3229
703 1017
2817 3864
1194 1661
864 1249
1233 1770
903 1292
2139 3017
546 787
1770 2514
1035 1474
2276 3199
1936 2742
2789 3691
1167 1650
837 1200
2542 3549
931 1352
2169 2964
2680 3760
1063 1511
735 1060
1102 1580
773 1112
2005 2786
1265 1808
2514 3529
904 1292
2141 3017
2693 3760
1476 2115
2733 3695
2389 3148
785 1122
2017 2330
457 692
2527 3539
916 1321
589 844
1815 2569
627 910
2264 3199
2648 3682
1156 1650
2402 3374
797 1138
2030 2866
1289 1847
563 819
1788 2491
1422 2021
1090 1557
2334 3276
1129 1626
1963 2775
1626 2301
83 204
1262 1806
537 786
1760 2492
1063 1516
2306 3231
1559 2210
1599 2243
2444 3413
1694 2388
2724 3820
1562 2183
2406 3298
1657 2154
529 760
2218 3112
1072 1531
1904 2699
1568 2219
2127 2997
1815 2569
1078 1548
381 599
2037 2862
1266 1813
2230 3136
1084 1553
2800 3312
1233 1770
903 1292
2610 3657
601 867
1547 2213
816 1171
515 748
1737 2478
2715 3743
1959 2775
2813 3174
2056 2847
520 749
225 358
1870 2645
308 471
1102 1580
406 629
2474 3480
1415 2012
2670 3665
1053 1488
2768 3814
2011 2828
1271 1820
2108 2700
264 411
1460 2093
361 554
2430 3389
1277 1830
2114 2719
1371 1963
270 417
367 563
2436 3421
1283 1839
191 324
2248 3161
276 423
1934 2728
374 583
2442 3400
1692 2397
2540 3413
2197 3085
1422 2021
694 1007
2391 3261
787 1122
515 748
1738 2481
1834 2594
1097 1570
1930 2723
1191 1707
2153 2952
559 819
2250 3165
1504 2133
2347 3286
744 1092
2444 3416
2102 2837
960 1396
2199 3062
1454 2086
356 549
2012 2849
1242 1774
517 744
2619 3657
2302 3223
1555 2201
458 699
2115 2743
972 1404
2211 3103
2308 3232
1968 2784
1657 2257
2730 3454
1974 2784
0 4
2483 3480
1392 1993
2647 3682
1893 2689
2745 3730
1989 2817
1249 1787
495 724
197 328
1843 2603
709 1028
1533 2175
436 677
1349 1934
622 901
2316 3225
345 530
2001 2558
442 682
2098 2919
1355 1938
255 427
2322 3277
1173 1663
2419 3389
1670 2288
1361 1946
357 546
1273 1813
548 787
2238 3136
266 410
2750 3174
1587 2266
2432 3419
1682 2384
2529 3549
2187 3097
1042 1491
2756 3519
739 1071
441 681
2097 2919
143 248
652 959
2763 3846
1599 2257
2444 3418
1695 2414
960 1396
1790 2534
1054 1498
2769 3128
2012 2849
452 691
2109 2843
2206 3085
1060 1508
2775 3744
2019 2740
2528 3544
271 417
1066 1516
2309 3234
1160 1674
2121 2991
2690 3760
1473 1874
375 584
1568 2219
2128 3001
2696 3772
1941 2724
2794 3795
2037 2877
1296 1861
2134 3017
290 454
1947 2724
387 607
2043 2826
2553 3277
2651 3708
2307 3231
1159 1662
2405 3374
434 672
1751 2489
2600 3519
1847 2590
1110 1434
0 4
806 1155
899 1288
2606 3605
2263 3195
1116 1482
1949 2742
1612 2288
1304 1868
214 361
1803 2556
671 981
2366 3312
763 1099
2464 3472
2122 2757
979 1424
2690 3760
1529 2170
2373 3344
1222 1733
498 724
1316 1879
227 360
2697 3774
1134 1626
439 680
1228 1753
504 734
2605 3605
1447 2071
2288 3223
1140 1638
445 692
1637 2331
509 734
2197 3085
602 869
1146 1506
2050 2770
1738 2481
2244 3160
1097 1570
400 622
2469 3472
1315 1878
2153 3012
1009 1444
2250 3165
1910 2712
2762 3829
2006 2833
447 693
2515 3541
1360 1942
1454 2086
726 1046
1550 1698
452 691
1366 1957
265 410
2717 3760
1556 2180
824 1179
2528 3544
917 1321
590 852
1411 2009
683 996
1506 2090
408 600
2064 2877
596 859
2288 3223
317 482
1974 2784
1637 2331
510 743
2198 3062
602 869
1423 2007
324 492
2392 3346
1241 1770
2489 3513
1739 2482
1835 2597
273 419
1930 2723
1191 1707
481 716
1286 1847
560 822
2250 3165
1505 2133
2063 2829
482 717
2160 3026
201 331
1847 2598
1109 1434
1606 2252
873 1257
2109 2914
518 744
2206 3092
2718 3691
1963 2775
2816 3726
1651 1307
918 1325
1747 2486
957 1394
2609 3622
246 410
2690 3760
1072 1531
2731 2195
1513 2156
358 543
1958 2751
1591 2262
804 1151
1575 2230
422 649
2021 2747
826 1184
2473 3480
865 1249
903 1292
2554 3381
1745 2486
195 326
599 866
1364 1956
2617 3657
1808 2509
202 332
1791 2534
605 875
1370 1958
225 358
1409 2001
254 419
1854 2611
292 457
2303 3226
275 421
2759 3864
1138 1614
1916 2719
1122 1615
2367 3313
1200 1717
449 696
786 1122
2089 2915
2470 3476
1261 1805
121 226
2112 2843
914 1308
1284 1843
142 249
2135 2980
937 1364
2175 3056
580 836
2215 3106
2255 3165
1052 1488
2710 3691
1492 2032
2750 3519
1532 2174
378 594
1977 2786
785 1122
1554 2170
576 848
2452 3457
2722 3807
1103 1581
2763 3855
1544 2198
758 1096
2401 3358
373 582
1973 2784
413 635
1606 2262
1217 1716
2408 3359
436 677
2036 2832
1239 1774
2019 2803
825 1182
808 1150
426 664
2437 3422
1229 1755
2008 2724
814 1164
1991 2825
1196 1689
1975 2784
782 1118
2014 2860
1219 1733
1998 2685
804 1151
788 1123
2433 3389
1225 1733
1667 2360
2114 2852
1286 1847
955 1388
1729 2459
128 246
2120 2986
528 760
2160 3041
961 1398
1735 2470
2183 3075
1758 2491
1406 1972
2190 3008
594 856
2644 3682
1428 2050
312 485
1507 2141
2708 3795
1936 2742
2731 3016
1112 1530
359 550
1095 1559
2754 3846
1536 2179
382 600
1982 2791
365 557
1965 2783
772 1112
1542 2194
388 609
1581 2257
795 1136
2439 3427
833 1203
2480 3480
450 698
2050 2831
434 672
2446 3434
418 649
2429 3313
1221 1733
2000 2685
806 1155
2023 2756
1227 1751
2006 2833
812 1164
1249 1787
1288 1847
145 252
1731 2459
546 787
2180 3030
