70 290
481 904
94 452
885 1808
924 1808
513 1130
946 1808
968 1808
2621 4416
1007 2660
2662 4416
1446 3064
663 1130
1029 1984
2685 4416
1469 3064
2324 3312
2709 4416
336 678
746 1130
1181 1746
40 145
82 298
1259 1960
119 411
155 411
883 1356
175 411
1764 2622
578 960
1803 2622
616 960
1826 2622
638 960
1073 1535
1513 2156
399 678
1614 2311
72 221
110 278
510 791
1548 2233
417 678
52 217
1633 2311
2080 2932
1321 1960
176 411
511 904
215 411
236 411
966 1525
639 960
1005 1951
1523 2194
368 565
50 181
2420 3450
111 278
836 1243
1274 1822
133 278
2507 3933
1335 2443
554 819
256 511
1897 2777
707 1045
1880 2699
390 621
431 734
65 217
480 791
139 278
1724 2449
1389 2388
1428 2388
2684 3864
1467 2388
312 511
1913 2777
1089 1640
335 565
1073 1535
422 649
2433 3450
827 1186
481 791
1762 2535
942 1525
247 427
1436 2388
2692 3864
377 593
2446 3450
149 278
932 1384
605 875
643 1002
1077 1587
742 1087
465 734
2447 3450
99 211
1278 1891
1317 1891
172 344
1760 2492
969 1597
1008 1613
1783 2535
635 917
331 508
673 1002
371 579
2261 3174
1921 2777
1961 2807
769 1136
384 607
1984 2807
791 1136
2459 3691
1250 1822
468 734
2522 3933
2562 3588
951 1384
989 1667
2643 3864
1428 2050
645 1023
1873 2660
684 1002
706 1023
1935 2733
744 1108
2802 4416
2369 3346
1644 2380
85 298
810 1157
2456 3570
2496 3691
1286 1856
1729 2470
1768 2513
621 896
659 1023
2810 4416
3 72
459 706
55 181
1635 2345
93 298
492 748
530 762
963 1454
250 427
1886 2718
696 1012
2720 3864
1909 2718
348 536
1542 2194
1988 2869
428 691
855 1243
1293 1856
150 344
1735 2470
184 344
1775 2524
1354 2122
573 875
611 917
1377 2122
231 377
2287 3243
259 444
1860 2632
671 981
2310 3243
282 444
1547 2213
1129 1650
416 649
51 181
473 748
882 1299
1251 1822
921 1525
147 261
943 1525
1772 2518
1020 1684
2261 3174
2493 3570
1283 1839
1322 2149
2573 4002
961 1419
945 1525
248 402
282 444
1884 2689
694 1007
1462 2219
1963 2775
2472 3510
863 1242
173 344
1357 1989
168 311
1350 1989
205 361
241 402
738 1066
474 748
883 1299
921 1384
960 1401
2612 3864
2239 3139
641 959
1533 2175
802 1143
2 36
2487 3510
70 217
956 1392
994 1671
743 1097
803 1150
472 727
152 344
1738 2481
2529 3549
919 1348
2569 3795
957 1396
1857 2617
295 477
706 1023
1936 2770
359 550
767 1111
805 1153
64 181
1740 2486
555 811
1375 1989
2700 3864
1082 1587
2325 3294
724 1044
763 1099
907 1295
2144 3074
946 1560
984 1529
2264 3208
1100 1592
404 624
2513 3721
94 298
1341 1922
1380 2155
234 394
262 423
729 1055
1096 1563
767 1111
1537 2184
489 727
960 1396
998 1673
670 970
2309 3234
747 1093
61 163
99 187
1277 1856
1776 2529
227 360
2282 3208
2516 3721
2726 4002
283 460
1 18
755 1096
51 163
91 230
883 1271
922 1560
511 805
944 1419
983 1462
281 433
625 906
2262 3191
1060 1508
1098 1577
1137 1650
1578 2252
425 670
2494 3600
1284 1847
1323 2149
2574 3726
1362 1955
2144 3042
2655 3864
1039 1485
711 1033
1980 2791
788 1123
1964 2783
404 624
444 691
121 232
1302 1873
1745 2486
560 833
925 1348
598 864
636 938
1864 2646
2313 3277
1926 2714
1589 2281
2474 3480
1724 2449
175 361
1359 1938
214 361
248 402
654 970
692 1004
392 635
1585 2266
432 670
469 716
483 721
2581 3726
157 294
1742 2483
2662 3864
1046 1496
2703 3864
634 914
1525 2165
371 579
411 635
816 1171
1587 2266
44 163
893 1283
1331 2149
183 327
915 1321
2566 3691
505 753
938 1436
649 943
1876 2679
315 480
780 1117
2012 2849
818 1178
167 302
1349 1955
203 336
2642 3726
1466 2219
311 477
1450 2134
294 460
1895 2718
334 536
2819 4416
798 1139
482 718
836 1214
510 753
981 1429
1351 2022
1020 1556
2261 3174
1515 2175
1191 1730
52 190
1633 2311
474 732
2080 2932
883 1271
961 1407
2613 3864
299 468
642 959
2279 3199
1979 2787
419 649
481 753
901 1289
940 1436
246 410
1434 2219
728 1049
2369 3320
766 1105
804 1151
101 232
1280 1830
139 244
1319 1908
877 1271
1775 2524
2224 3122
627 910
2264 3199
1061 1521
1893 2689
703 1017
2344 3281
34 108
2464 3480
1255 1822
115 299
568 833
1458 2134
1096 1563
1134 1626
382 600
882 1285
2531 3568
920 1348
1359 1938
602 869
337 522
1130 1614
2491 3540
1740 2483
686 1003
1915 2733
394 621
77 230
113 243
1293 1856
1332 2149
605 875
1371 1963
1039 1485
1410 2007
682 991
2321 3277
720 1038
460 720
481 734
1233 1770
509 734
1771 2515
585 848
105 232
504 734
937 1392
976 1412
1014 1492
1915 2711
2295 3219
1092 1556
1130 1614
2791 4002
839 1214
484 721
955 1388
994 1550
244 402
650 956
1878 2679
688 1003
1917 2744
726 1046
397 621
803 1150
2448 3510
2489 3525
880 1278
2529 3549
1318 1882
629 912
1451 2092
1119 1602
1952 2760
760 1097
1992 2828
112 215
1291 1847
148 269
1330 2015
603 872
2239 3139
641 938
1869 2641
1908 2703
718 1035
1153 1650
52 176
1634 2328
475 753
2081 2987
885 1539
1254 1787
114 243
2574 3657
150 311
2144 3042
945 1436
1384 2175
627 910
2264 3199
2472 3480
481 725
508 734
212 348
245 406
1035 1474
1073 1535
376 586
1976 2785
1959 2775
767 1111
439 680
473 732
155 344
937 1370
2588 3726
976 1412
648 940
2286 3225
2326 3262
724 1044
2446 3434
839 1214
150 294
1736 2475
2584 3657
2241 3156
270 417
310 472
775 1114
473 724
2516 3615
2685 4002
672 991
1900 2696
2448 3480
1240 1787
515 748
1738 2481
553 801
1777 2532
1041 1490
2698 3795
1080 1561
1520 2184
406 629
812 1164
477 753
889 1277
533 781
846 1214
519 748
141 252
1322 2015
991 1489
2271 3199
1068 1521
2726 3898
2351 3300
749 1094
450 698
499 725
932 1366
2583 3622
575 896
614 917
2250 3165
652 963
349 543
1125 1626
796 1137
413 635
452 691
856 1228
895 1286
1388 2050
241 398
1872 2650
311 477
351 546
2362 3310
1529 2170
798 1139
1234 1778
2483 3480
133 255
1312 1873
169 327
897 1287
570 854
935 1359
242 400
1429 2134
646 939
1874 2669
2324 3277
1120 1614
1953 2767
761 1098
799 1141
482 717
512 932
1331 2015
999 1690
268 409
735 1060
48 163
2474 3480
1724 2449
175 336
1028 1706
1859 2618
1523 2184
2309 3234
1105 1589
2349 3290
448 694
1641 2354
985 1548
2639 3691
1062 1521
2304 3229
2456 3510
36 126
2496 3600
1286 1847
926 1357
2658 3726
1041 1490
343 529
1537 2184
2452 3480
2079 2929
1337 1902
190 323
1376 2042
231 377
1820 2578
258 423
1860 2632
671 981
709 1028
379 596
2447 3450
840 1214
514 741
879 1274
185 317
1776 2529
227 360
628 911
294 460
1156 1650
481 720
147 261
1329 1948
997 1551
2652 3726
2692 3795
1075 1561
1515 2175
2358 3305
861 1235
1230 1757
91 196
489 722
2120 2986
922 1436
1751 2489
1455 2092
299 468
1093 1559
379 596
1979 2787
1317 1882
2568 3691
1356 1955
1434 2134
2690 3760
2346 3285
744 1097
1235 1782
1274 1822
2524 3529
1313 1877
169 319
1756 2490
2367 3313
886 1274
2373 3385
892 1280
285 452
325 494
1520 2179
422 649
2491 3525
1431 2092
331 508
1526 2167
429 691
2497 3721
494 723
2181 3072
1842 2600
2693 3760
435 675
500 729
2187 3097
714 1034
1260 1804
1355 1938
627 910
2321 3277
350 544
2419 3389
1266 1813
1361 1946
2327 3271
1641 2341
99 187
185 318
2242 3160
1095 1559
1928 2723
791 1136
480 753
1283 1839
192 329
705 1020
405 626
920 1330
1749 2487
198 329
1107 1595
411 635
116 299
2577 3657
417 663
1761 2513
1426 2028
326 501
1521 2181
489 722
2590 3743
581 840
1125 1620
430 691
495 724
1438 2557
709 1028
1533 2175
1294 1864
2132 3017
989 1548
2454 3480
475 734
210 342
294 460
1952 2760
814 1164
1766 2513
1862 2639
1124 1617
38 135
820 1182
1312 1873
586 848
307 470
772 1112
85 230
864 1256
173 331
1081 1561
1914 2707
474 724
1269 1817
178 323
1363 1954
636 927
1583 2259
477 734
1275 1839
550 792
1774 2521
1038 1479
2752 3864
735 1060
556 812
648 940
1590 2252
2434 3407
951 1384
1780 2524
1044 1493
2759 3864
481 718
2569 3691
1012 1460
312 494
2350 3295
870 1256
2575 3622
568 833
2673 3795
1919 2744
1608 2272
483 719
2680 3795
1519 2177
789 1129
1614 2291
882 1279
2588 3674
702 1014
1525 2165
428 670
2497 3615
494 723
2181 3072
1842 2600
280 425
377 593
2446 3434
470 721
150 286
2641 3708
1887 2674
67 190
1894 2703
1989 2817
1249 1787
524 755
2213 3111
249 414
2310 3243
710 1030
2824 6624
482 717
1294 1860
568 833
288 452
2356 3302
1609 2281
483 718
1300 1864
574 864
2266 3199
1520 2179
423 659
1615 2301
2460 3465
976 1412
1069 1528
2312 3260
79 230
1257 1873
169 319
287 448
1081 1548
384 603
1338 1912
244 402
1433 2092
2688 3751
1934 2728
373 582
468 720
534 786
1022 1583
1980 2791
1240 1787
152 311
241 398
1028 1583
1986 2838
426 664
1340 1917
2592 3743
706 1023
1936 2751
375 584
837 1200
148 265
2639 3691
1796 2578
331 508
794 1136
107 232
195 326
2251 3169
1104 1583
2348 3288
482 717
1292 1851
566 822
659 989
752 1095
66 176
156 286
1061 1521
460 713
1249 1787
919 1330
370 572
1161 1698
831 1200
1073 1535
376 586
469 716
2129 3005
2226 3122
751 1094
1575 2230
1336 1897
1431 2071
702 1014
1526 2167
795 1136
888 1275
196 327
1381 2069
280 425
378 594
1293 1856
240 396
1888 2681
67 176
845 1207
1338 1912
244 402
2304 3229
333 522
1990 2822
1250 1804
2499 3721
1748 2486
1438 2303
1106 1592
1940 2742
1201 1730
482 717
204 348
661 1043
754 1095
68 190
521 751
1340 1917
613 896
2306 3231
706 1023
112 223
1750 2488
2728 3829
712 1033
2826 7728
482 717
2578 3674
571 854
663 1043
1153 1650
824 1179
2527 3539
917 1321
560 822
255 456
1911 2740
351 546
1545 2203
813 1160
1640 2334
512 833
2614 3864
1000 1690
300 469
1094 1559
765 1102
1590 2252
858 1231
2563 3639
253 429
1045 1494
346 532
444 691
902 1292
212 348
761 1098
75 196
853 1228
164 298
250 414
2313 3268
342 525
2508 3615
1757 2491
207 339
2262 3191
291 456
2359 3305
1611 2286
485 719
577 896
297 464
762 1098
464 723
1254 1787
2503 3721
1752 2489
202 332
1848 2606
2355 3301
2452 3465
519 748
2621 3864
1007 2044
404 624
481 717
1692 2397
145 252
1452 2071
1953 2767
393 612
854 1235
947 1371
2186 3084
591 856
2698 3777
1080 1548
751 1094
1982 2791
2079 2929
488 719
2589 3682
1932 2725
467 716
144 248
1326 1915
2578 3648
1826 2578
264 411
2332 3276
731 1057
1961 2775
1316 1879
2567 3639
955 1388
255 435
1449 2092
2362 3310
759 1096
72 192
1250 1804
2499 3615
1748 2486
2597 3726
282 444
479 734
2562 3588
555 811
2660 3795
648 940
863 1242
561 822
254 424
2764 3864
1545 2203
760 1097
1585 2262
852 1221
2144 3042
300 469
398 649
480 734
1007 1736
733 1058
1319 1895
1013 1476
1230 1757
2479 3480
1325 1898
598 864
691 1003
417 656
1734 2459
183 325
1370 1958
642 948
1464 2145
1281 1834
1780 2524
230 368
2286 3225
315 480
1635 2336
2481 3480
2139 3017
546 787
264 411
1922 2712
1277 1839
1776 2529
644 980
1591 2262
480 725
1283 1839
953 1386
1782 2529
1046 1496
348 536
55 172
146 256
816 1171
2520 3721
1364 1956
1459 2145
360 557
68 176
2526 3534
1370 1958
1465 2145
736 1063
2435 3420
828 1193
1376 2002
1070 1531
373 582
1288 1847
983 1445
655 972
1883 2674
748 1093
840 1214
288 452
2356 3302
385 612
67 169
846 1214
157 294
940 1397
1157 1674
73 194
1069 1528
2785 3911
766 1105
79 213
586 848
306 469
2375 3354
771 1111
85 213
173 325
2227 3130
630 910
723 1041
2421 3419
1768 2513
1864 2646
729 1055
39 135
945 1397
1774 2521
1038 1479
339 523
1132 1620
48 154
1226 1750
2189 3104
1044 1493
2286 3225
1540 2189
443 685
2511 3615
507 734
995 1490
295 468
1952 2760
815 1167
1641 2341
513 932
2615 3726
1457 2102
728 1049
1647 2369
519 748
1463 2108
2720 3795
1964 2783
1319 1888
1013 1468
313 476
778 1115
92 255
1729 2459
179 324
263 412
1459 2108
730 1056
40 145
2526 3534
1370 1958
269 413
2337 3276
366 561
2435 3420
1282 1836
2532 3553
1376 1982
275 421
481 716
1288 1847
197 328
1382 2069
281 433
2765 3887
747 1093
449 696
151 294
1333 2170
606 896
2299 3224
2055 2893
914 1308
1008 1521
2720 3795
1559 2210
163 296
1470 2113
2311 3251
466 714
532 771
2221 3117
1075 1548
377 593
839 1214
1666 2360
932 1357
240 396
1888 2681
1983 2799
2492 3540
1338 1912
2590 3682
1432 2071
704 1018
1527 2168
796 1137
1289 1847
1383 2069
1022 1521
2488 3517
1737 2478
2585 3648
1428 2050
2683 3795
1523 2184
105 209
885 1405
2592 3682
2249 3162
1102 1580
2346 3285
744 1092
57 163
1235 1782
238 395
1424 2022
1644 2360
2490 3517
1739 2482
1004 1690
2245 3161
273 419
2341 3278
740 1076
2439 3427
955 1388
1785 2556
2445 3420
961 1401
2013 2871
453 698
1462 2145
825 1182
918 1325
1012 1460
482 717
2575 3622
963 1425
261 418
2015 2871
455 702
2524 3529
520 749
1008 1475
307 470
772 1112
2473 3480
865 1249
959 1394
631 912
1453 2081
354 548
2422 3419
1270 1819
2520 3619
1769 2514
2617 3726
2274 3199
303 469
1960 2775
1315 1878
2566 3639
1078 1548
1910 2721
87 204
1266 1813
2515 3566
1764 2567
633 913
1860 2632
1122 1615
35 117
2522 3725
1366 1957
639 943
2333 3276
1586 2264
947 1371
1777 2532
1041 1490
1872 2650
1748 2486
1012 1460
2725 3846
1106 1592
1 9
931 1352
629 912
325 494
2680 3760
1519 2177
882 1276
2588 3648
1431 2060
331 508
795 1136
2497 3566
1342 1938
247 418
1898 2692
1160 1674
855 1239
165 300
676 991
2372 3352
2469 3472
861 1235
171 331
1410 2007
1078 1548
2362 3310
759 1096
2459 3570
1305 1868
579 836
2271 3199
1123 1616
2368 3316
493 722
2277 3199
678 983
83 204
591 856
2283 3216
684 1002
899 1288
1727 2454
2289 3222
812 1164
2515 3541
905 1293
2612 3726
1454 2086
2296 3221
452 691
2521 3633
264 411
1460 2115
731 1057
824 1179
2058 2905
1316 1879
2625 3665
1872 2650
737 1064
1968 2784
830 1196
1782 2529
1568 2219
836 1207
929 1350
237 394
695 1009
1240 1787
2489 3517
880 1276
187 323
2244 3160
272 418
2341 3278
739 1071
2438 3423
560 822
1784 2545
1048 1502
2290 3220
319 487
783 1120
2485 3495
1734 2459
604 872
1830 2583
268 409
1926 2714
1589 2273
480 720
1281 1834
950 1377
2660 3760
648 940
108 255
616 928
2309 3234
708 1025
924 1569
1753 2489
1017 1508
318 483
1975 2784
836 1207
120 232
573 854
2264 3199
1925 2709
1614 2291
487 718
2587 3635
579 836
2685 3881
1525 2165
2439 3427
466 714
1380 2059
1074 1541
377 593
2445 3420
470 718
2640 3699
383 601
474 720
1797 2578
665 963
1893 2689
757 1096
71 177
850 1217
2653 3777
1161 1686
2211 3103
614 906
1159 1662
463 718
2533 3570
1377 2042
2217 3108
1071 1528
2787 3956
2030 2866
82 247
2127 2997
1383 2016
282 444
1077 1567
2448 3465
1295 1860
2133 3017
989 1488
2229 3134
1083 1594
2799 4002
902 1292
211 345
2707 4002
1952 2760
127 237
908 1301
1863 2642
455 702
2524 3529
1773 2519
1463 2097
734 1059
827 1186
2531 3568
647 939
1875 2669
740 1076
2439 3427
1325 1898
235 402
1088 1594
2804 4140
784 1121
2144 3042
1000 1559
2241 3156
269 413
2753 3864
736 1063
2435 3420
140 248
231 377
1877 2669
1139 1626
476 725
941 1442
1035 1474
336 600
1128 1635
2373 3352
469 716
2129 3005
986 1458
285 448
1079 1548
2322 3277
1982 2791
843 1203
542 786
244 402
1431 2055
2686 3755
1932 2725
2785 3911
1287 1847
532 771
236 406
1420 2018
1921 2744
916 1321
1815 2569
2665 3760
1911 2721
350 544
1544 2198
2459 3510
579 836
672 991
1900 2696
764 1100
1256 1830
531 766
1350 1955
1445 2557
716 1034
1 9
2454 3465
1301 1868
575 864
1157 1662
462 715
2501 3619
1750 2488
200 330
750 1094
63 172
1241 1770
154 311
2619 3726
1004 1559
2245 3161
647 939
442 682
1231 1763
506 734
599 866
293 458
1088 1571
2331 3273
1991 2825
852 1221
496 724
2184 3078
588 852
2695 3768
1077 1557
749 1094
3 40
1669 2360
935 1359
1580 2255
847 1215
158 295
941 1400
247 414
336 561
1530 2172
799 1141
469 716
2129 3005
238 398
2296 3221
696 1012
1926 2714
47 149
2474 3480
174 327
1861 2635
1123 1616
36 126
942 1442
2651 3708
640 932
337 522
1993 2837
479 725
948 1374
2657 3717
2340 3277
860 1233
1354 2022
254 419
1047 1499
866 1252
565 817
258 421
1916 2727
2012 2849
1271 1820
1366 1957
1460 2100
731 1057
1962 2775
824 1179
917 1321
2568 3639
2666 3760
1912 2740
351 546
2419 3389
1267 1815
177 321
2672 3760
2014 2860
1273 1813
181 324
266 410
1868 2631
733 1058
2529 3549
1042 1491
2438 3423
1784 2545
245 404
2305 3230
1156 1650
461 714
920 1330
1749 2487
1013 1464
711 1033
2825 5796
482 717
965 1460
1794 2556
360 557
68 169
2526 3534
1370 1958
2210 3099
614 901
2307 3231
1966 2783
828 1193
1877 2664
742 1087
2826 5796
928 1349
236 404
1421 2020
322 490
1239 1774
1612 2288
485 718
2585 3635
328 504
1523 2184
425 664
2494 3558
1743 2484
192 326
978 1420
2689 3755
1529 2170
375 584
891 1278
199 329
711 1033
1296 1862
570 843
1390 1986
1891 2685
69 190
848 1216
159 295
2364 3311
1159 1662
977 1416
1347 1938
713 1033
1259 1873
170 325
2223 3119
472 721
1668 2360
934 1358
2643 3726
1579 2253
847 1215
1674 2378
940 1378
1434 2092
335 543
1992 2826
853 1228
1401 1996
2656 3712
1040 1487
859 1232
952 1385
252 421
1046 1496
347 534
445 692
2513 3619
1358 1938
2197 3085
1453 2081
354 548
1548 2223
450 698
2520 3580
1364 1956
263 412
1459 2097
1960 2775
400 622
2469 3472
588 852
1409 2001
774 1113
867 1254
540 786
1764 2540
215 386
1860 2632
725 1045
818 1178
492 735
167 302
1349 1938
1018 1510
661 999
1889 2683
753 1095
67 166
969 1496
2265 3199
2362 3310
1614 2291
2460 3465
1710 2432
163 296
1069 1528
79 204
532 771
418 649
1610 2283
576 864
269 413
367 563
1158 1662
829 1194
1656 2339
231 377
1016 1486
316 481
413 635
2482 3480
482 717
1827 2580
265 410
879 1274
186 323
1833 2588
700 1013
1523 2184
885 1338
2592 3658
1434 2071
1157 1662
1992 2826
1251 1787
2501 3568
1346 1930
1440 2303
712 1033
2826 4830
1296 1861
1391 1991
663 999
2358 3305
756 1096
2456 3480
1802 2578
246 410
2308 3232
2821 5244
113 237
201 331
2672 3743
659 972
2394 3360
1243 1778
912 1304
190 323
2246 3161
864 1249
957 1394
2667 3734
655 964
352 547
1546 2208
815 1167
1641 2341
908 1301
2242 3160
399 649
859 1232
504 734
991 1459
291 456
1085 1559
388 612
2457 3480
1303 1868
1802 2556
2652 3717
1036 1476
708 1025
1531 2173
114 237
1293 1856
932 1357
605 875
1426 2028
698 1012
2338 3276
367 563
2435 3420
557 817
1781 2526
2287 3234
316 481
1973 2784
1636 2331
2482 3480
873 1257
1366 1957
1035 1474
2276 3199
677 979
770 1111
84 208
2129 3005
2511 3566
1760 2492
1024 1523
1520 2179
2363 3310
1615 2301
488 719
1307 1870
976 1412
1069 1528
2312 3260
2068 2917
117 321
2578 3635
965 1428
1795 2567
1460 2093
361 554
1153 1650
107 232
1410 2007
2251 3169
1911 2712
813 1160
1639 2332
851 1219
496 724
198 329
983 1437
2695 3768
1077 1552
380 598
1240 1787
2488 3513
1279 1826
2529 3549
1777 2532
2626 3678
1012 1460
312 485
1507 2141
2421 3404
448 694
127 237
1767 2513
2615 3657
2272 3199
301 469
399 635
80 221
1258 1830
2507 3725
1756 2490
207 339
2262 3191
663 981
1892 2687
702 1014
1931 2724
1971 2784
1634 2328
93 255
179 324
1364 1956
637 943
2747 3838
1528 2169
2371 3336
2469 3472
2127 2997
534 786
1758 2491
209 340
2678 3742
1061 1521
2304 3229
703 1017
864 1249
1233 1770
903 1292
2139 3017
546 787
1770 2514
1035 1474
2276 3199
1936 2742
837 1200
2542 3549
931 1352
574 848
2680 3760
735 1060
1102 1580
773 1112
1265 1808
2514 3529
904 1292
2141 3017
1803 2578
247 414
1437 2176
2693 3760
1476 2115
785 1122
2527 3539
916 1321
1815 2569
627 910
2264 3199
1894 2696
1156 1650
2402 3374
797 1138
2030 2866
1289 1847
563 819
237 398
1422 2021
1090 1557
2334 3276
1129 1626
1963 2775
1626 2301
83 204
1262 1806
537 786
1760 2492
575 848
2681 3777
1063 1516
2306 3231
1559 2210
2819 4140
247 414
2724 3820
2218 3112
1072 1531
1904 2699
1568 2219
82 221
2127 2997
984 1479
1815 2569
1078 1548
381 599
88 204
1266 1813
176 365
2230 3136
1084 1553
1233 1770
903 1292
2610 3657
601 867
2708 4002
1547 2213
816 1171
1642 2350
515 748
1737 2478
1002 1494
1959 2775
520 749
225 358
1870 2645
308 471
1102 1580
406 629
2474 3480
482 717
2572 3795
1415 2012
1271 1820
966 1460
264 411
1460 2093
361 554
1277 1830
1371 1963
270 417
1466 2158
367 563
2436 3421
1283 1839
191 324
2248 3161
276 423
1934 2728
374 583
1692 2397
2197 3085
237 400
1422 2021
694 1007
787 1122
515 748
1738 2481
187 323
1834 2594
1097 1570
1930 2723
1191 1707
481 716
559 819
2250 3165
2347 3286
744 1092
960 1396
1454 2086
356 549
2012 2849
64 172
1242 1774
517 744
2619 3657
1005 1690
1555 2201
458 699
972 1404
2211 3103
1467 2242
1968 2784
2822 5244
1323 2018
233 385
1017 1486
1974 2784
0 4
2483 3480
1392 1993
1893 2689
1989 2817
1249 1787
2498 3566
495 724
197 328
1843 2603
709 1028
1533 2175
436 677
2504 3621
1349 1934
622 901
345 530
442 682
1355 1938
255 427
2322 3277
2419 3389
2517 3560
1361 1946
260 422
1456 2094
357 546
37 130
1273 1813
2238 3136
266 410
1587 2266
2432 3419
1682 2384
2529 3549
2187 3097
1042 1491
739 1071
441 681
2664 3743
652 959
1695 2414
960 1396
1790 2534
2012 2849
452 691
966 1428
1060 1508
70 190
2528 3544
1372 1976
271 417
1066 1516
2309 3234
1160 1674
885 1304
2121 2991
1378 2011
2690 3760
375 584
1568 2219
469 716
2128 3001
985 1488
2696 3772
2037 2877
1296 1861
2134 3017
991 1444
290 454
387 607
476 720
942 1400
2651 3708
1159 1662
2405 3374
434 672
113 234
1751 2489
0 4
806 1155
119 321
899 1288
2263 3195
1949 2742
1612 2288
486 717
1304 1868
1803 2556
671 981
2366 3312
763 1099
2464 3472
979 1424
2690 3760
1529 2170
2373 3344
498 724
1316 1879
227 360
2697 3774
1134 1626
439 680
1228 1753
504 734
1447 2071
2288 3223
1140 1638
445 692
1637 2331
509 734
2197 3085
602 869
2709 4002
2807 4140
100 209
1738 2481
1003 1494
2244 3160
1097 1570
400 622
2469 3472
1315 1878
1009 1444
2250 3165
1910 2712
2006 2833
447 693
2515 3541
1360 1942
2613 3760
1454 2086
726 1046
452 691
2522 3633
1366 1957
265 410
1461 2119
824 1179
2528 3544
917 1321
590 852
1411 2009
683 996
1323 1953
596 859
2288 3223
317 482
1974 2784
1637 2331
510 743
602 869
324 492
1241 1770
2489 3513
1739 2482
188 323
1835 2597
273 419
1930 2723
1191 1707
481 716
1286 1847
560 822
2250 3165
2821 4554
482 717
201 331
2827 7728
873 1257
518 744
1461 2106
1963 2775
918 1325
1747 2486
957 1394
995 1459
246 410
1434 2060
2690 3760
1072 1531
1513 2156
398 635
1591 2262
804 1151
1575 2230
422 649
826 1184
2473 3480
865 1249
2513 3568
903 1292
1745 2486
195 326
926 1352
599 866
1364 1956
2617 3657
202 332
1791 2534
605 875
1370 1958
225 358
1409 2001
254 419
292 457
2303 3226
275 421
2759 3864
1916 2719
1122 1615
2367 3313
1161 1680
2823 5244
1200 1717
449 696
786 1122
478 720
2470 3476
1261 1805
914 1308
1284 1843
937 1364
2175 3056
580 836
2215 3106
1014 1478
2255 3165
1532 2174
378 594
1977 2786
785 1122
768 1123
576 848
2452 3457
2722 3807
1103 1581
2763 3855
1544 2198
758 1096
373 582
1973 2784
413 635
436 677
1239 1774
825 1182
85 213
2454 3461
426 664
2437 3422
1229 1755
814 1164
1991 2825
1975 2784
782 1118
2014 2860
804 1151
63 167
471 718
1667 2360
122 232
2496 3558
1286 1847
955 1388
1729 2459
128 246
2120 2986
528 760
2160 3041
961 1398
1735 2470
945 1380
2183 3075
170 322
1758 2491
572 843
2620 3760
594 856
1428 2050
2684 3812
1468 2580
312 485
1507 2141
2708 3795
1896 2733
335 532
1936 2742
359 550
1095 1559
2754 3846
1536 2179
382 600
1982 2791
365 557
1965 2783
772 1112
1542 2194
388 609
1581 2257
795 1136
2439 3427
833 1203
2480 3480
450 698
434 672
2446 3434
418 649
806 1155
2452 3457
1646 2355
1227 1751
2006 2833
812 1164
2458 3483
1249 1787
109 255
1288 1847
145 252
1731 2459
546 787
